ZONE_1 = [[1339, 674], [1615, 674], [1615, 826], [1339, 826]]
ZONE_2 = [[1331, 520], [1604, 520], [1604, 656], [1331, 656]]
ZONE_3 = [[1324, 370], [1596, 370], [1596, 508], [1324, 508]]
ZONE_4 = [[1066, 56], [1183, 56], [1183, 304], [1066, 304]]
ZONE_5 = [[907, 49], [1038, 49], [1038, 305], [907, 305]]
ZONE_6 = [[767, 46], [897, 46], [897, 306], [767, 306]]
ZONE_7 = [[621, 48], [738, 48], [738, 301], [621, 301]]
ZONE_8 = [[207, 363], [480, 363], [480, 495], [207, 495]]
ZONE_9 = [[187, 513], [466, 513], [466, 641], [187, 641]]
ZONE_10 = [[164, 669], [452, 669], [452, 799], [164, 799]]
