0 0.056250 0.395313 0.109375 0.090625
0 0.051562 0.543750 0.100000 0.121875
0 0.051562 0.673438 0.100000 0.121875
0 0.255469 0.860938 0.276562 0.125000
0 0.682813 0.642188 0.109375 0.262500
0 0.342187 0.442969 0.250000 0.242188
0 0.295312 0.177344 0.109375 0.223438
0 0.431250 0.179688 0.103125 0.228125
0 0.572656 0.174219 0.110937 0.229687
0 0.709375 0.179688 0.112500 0.218750
0 0.931250 0.402344 0.137500 0.092188
0 0.941406 0.542188 0.117188 0.118750
0 0.943750 0.690625 0.112500 0.118750
0 0.946875 0.869531 0.106250 0.117188
